[[  1.20000000e+01   1.19592639e-03]]
[[  2.60000000e+01   1.19592639e-03]]
[[  2.70000000e+01   1.19592639e-03]]
[[  1.51000000e+02   1.19592639e-03]]
[[  1.53000000e+02   1.19592639e-03]]
[[  1.55000000e+02   1.19592639e-03]]
[[  1.58000000e+02   1.19592639e-03]]
[[  1.60000000e+02   1.19592639e-03]]
[[  1.61000000e+02   1.19592639e-03]]
[[  1.62000000e+02   1.19592639e-03]]
[[  1.63000000e+02   1.19592639e-03]]
[[  1.66000000e+02   1.19592639e-03]]
[[  1.68000000e+02   1.19592639e-03]]
[[  1.69000000e+02   1.19592639e-03]]
[[  1.70000000e+02   1.19592639e-03]]
[[  1.54000000e+02   1.23012952e-03]]
[[  9.60000000e+01   1.31365843e-03]]
[[  8.10000000e+01   1.31413717e-03]]
[[  8.20000000e+01   1.31413717e-03]]
[[  8.30000000e+01   1.31413717e-03]]
[[  8.50000000e+01   1.31413717e-03]]
[[  8.60000000e+01   1.31413717e-03]]
[[  8.70000000e+01   1.31413717e-03]]
[[  8.80000000e+01   1.31413717e-03]]
[[  8.90000000e+01   1.31413717e-03]]
[[  9.10000000e+01   1.31413717e-03]]
[[  1.64000000e+02   1.31591521e-03]]
[[  1.57000000e+02   1.31662813e-03]]
[[  9.30000000e+01   1.32832926e-03]]
[[  1.48000000e+02   1.33129967e-03]]
[[  6.00000000e+01   1.33130874e-03]]
[[  6.40000000e+01   1.33130874e-03]]
[[  6.50000000e+01   1.33130874e-03]]
[[  7.00000000e+01   1.33130874e-03]]
[[  7.10000000e+01   1.33130874e-03]]
[[  7.40000000e+01   1.33130874e-03]]
[[  1.00000000e+01   1.33611211e-03]]
[[  9.00000000e+00   1.33627521e-03]]
[[  1.40000000e+01   1.35685687e-03]]
[[  1.50000000e+02   1.35685687e-03]]
[[  1.73000000e+02   1.37311234e-03]]
[[  1.32000000e+02   1.37459704e-03]]
[[  1.60000000e+01   1.38872401e-03]]
[[  5.30000000e+01   1.42690994e-03]]
[[  5.40000000e+01   1.42690994e-03]]
[[  9.90000000e+01   1.44789596e-03]]
[[  1.07000000e+02   1.44811526e-03]]
[[  1.09000000e+02   1.44811526e-03]]
[[  1.11000000e+02   1.44811526e-03]]
[[  1.10000000e+02   1.44832981e-03]]
[[  1.06000000e+02   1.44933634e-03]]
[[  1.02000000e+02   1.44952535e-03]]
[[  9.50000000e+01   1.46790277e-03]]
[[  9.80000000e+01   1.46790277e-03]]
[[  1.03000000e+02   1.46790277e-03]]
[[  1.04000000e+02   1.46790277e-03]]
[[  1.08000000e+02   1.46790277e-03]]
[[  5.50000000e+01   1.48174739e-03]]
[[  1.00000000e+02   1.48541152e-03]]
[[  1.80000000e+01   1.52112914e-03]]
[[  1.90000000e+01   1.52112914e-03]]
[[  2.00000000e+01   1.52112914e-03]]
[[  2.50000000e+01   1.52112914e-03]]
[[  1.70000000e+01   1.52150975e-03]]
[[  2.10000000e+01   1.52150975e-03]]
[[  2.20000000e+01   1.52150975e-03]]
[[  2.30000000e+01   1.52150975e-03]]
[[  2.80000000e+01   1.52150975e-03]]
[[  2.90000000e+01   1.52150975e-03]]
[[  8.00000000e+00   1.53821269e-03]]
[[  1.81000000e+02   1.54555114e-03]]
[[  1.90000000e+02   1.54555114e-03]]
[[  8.40000000e+01   1.56303372e-03]]
[[  1.10000000e+01   1.56796351e-03]]
[[  9.20000000e+01   1.57396494e-03]]
[[  5.60000000e+01   1.57551565e-03]]
[[  1.72000000e+02   1.57887563e-03]]
[[  1.05000000e+02   1.58024074e-03]]
[[  1.16000000e+02   1.59034706e-03]]
[[  9.40000000e+01   1.59286502e-03]]
[[  1.74000000e+02   1.63519996e-03]]
[[  1.71000000e+02   1.67681340e-03]]
[[  9.70000000e+01   1.71504757e-03]]
[[  1.59000000e+02   1.73736398e-03]]
[[  3.60000000e+01   1.79007422e-03]]
[[  3.80000000e+01   1.79007422e-03]]
[[  4.00000000e+01   1.79007422e-03]]
[[  4.10000000e+01   1.79007422e-03]]
[[  4.40000000e+01   1.79007422e-03]]
[[  4.80000000e+01   1.79007422e-03]]
[[  1.65000000e+02   1.79195769e-03]]
[[  3.70000000e+01   1.80861474e-03]]
[[  5.20000000e+01   1.86336017e-03]]
[[  5.00000000e+01   1.90700532e-03]]
[[  1.18000000e+02   1.98679256e-03]]
[[  3.20000000e+01   2.02200558e-03]]
[[  8.00000000e+01   2.09133506e-03]]
[[  7.60000000e+01   2.09312611e-03]]
[[  7.50000000e+01   2.09479198e-03]]
[[  1.75000000e+02   2.11879188e-03]]
[[  5.90000000e+01   2.15168987e-03]]
[[  6.10000000e+01   2.15168987e-03]]
[[  6.20000000e+01   2.15168987e-03]]
[[  6.30000000e+01   2.15168987e-03]]
[[  6.60000000e+01   2.15168987e-03]]
[[  7.20000000e+01   2.15168987e-03]]
[[  7.30000000e+01   2.15168987e-03]]
[[  7.80000000e+01   2.15168987e-03]]
[[  7.70000000e+01   2.15524655e-03]]
[[  6.70000000e+01   2.15524655e-03]]
[[  5.80000000e+01   2.16608608e-03]]
[[  6.90000000e+01   2.16657114e-03]]
[[  3.30000000e+01   2.18049769e-03]]
[[  5.10000000e+01   2.18963095e-03]]
[[  1.52000000e+02   2.20257692e-03]]
[[  4.50000000e+01   2.68776588e-03]]
[[  1.50000000e+01   2.83545133e-03]]
[[  3.10000000e+01   3.37154377e-03]]
[[  3.00000000e+01   3.65682852e-03]]
[[  1.80000000e+02   3.73634465e-03]]
[[  1.82000000e+02   3.73634465e-03]]
[[  1.88000000e+02   3.73634465e-03]]
[[  1.77000000e+02   3.77079495e-03]]
[[  1.84000000e+02   3.86648778e-03]]
[[  3.90000000e+01   3.92719063e-03]]
[[  3.40000000e+01   3.94469938e-03]]
[[  4.30000000e+01   3.99347988e-03]]
[[  1.76000000e+02   4.68565886e-03]]
[[  1.86000000e+02   4.70148372e-03]]
[[  1.79000000e+02   4.74078352e-03]]
[[  1.85000000e+02   4.74078352e-03]]
[[  1.87000000e+02   4.82594615e-03]]
[[  1.83000000e+02   4.89714986e-03]]
[[  4.90000000e+01   4.95708101e-03]]
[[  4.70000000e+01   4.98483073e-03]]
[[  4.20000000e+01   5.00233948e-03]]
[[  1.20000000e+02   5.28580770e-03]]
[[  1.21000000e+02   5.28580770e-03]]
[[  1.28000000e+02   5.28580770e-03]]
[[  1.33000000e+02   5.28580770e-03]]
[[  1.38000000e+02   5.28580770e-03]]
[[  1.42000000e+02   5.28580770e-03]]
[[  1.44000000e+02   5.28580770e-03]]
[[  1.15000000e+02   5.28729524e-03]]
[[  1.36000000e+02   5.28729524e-03]]
[[  1.25000000e+02   5.29411512e-03]]
[[  1.47000000e+02   5.29536733e-03]]
[[  1.30000000e+01   5.31461943e-03]]
[[  4.60000000e+01   5.31565699e-03]]
[[  1.34000000e+02   5.31571089e-03]]
[[  1.67000000e+02   5.31805443e-03]]
[[  1.78000000e+02   5.32020821e-03]]
[[  3.50000000e+01   5.32298228e-03]]
[[  1.41000000e+02   5.32626737e-03]]
[[  5.70000000e+01   5.35100353e-03]]
[[  1.49000000e+02   5.37277692e-03]]
[[  1.43000000e+02   5.38581484e-03]]
[[  1.12000000e+02   5.71087706e-03]]
[[  1.30000000e+02   5.80183551e-03]]
[[  1.46000000e+02   5.87087984e-03]]
[[  1.31000000e+02   5.99876436e-03]]
[[  1.17000000e+02   6.08247586e-03]]
[[  1.45000000e+02   6.25448857e-03]]
[[  7.90000000e+01   6.47399432e-03]]
[[  1.39000000e+02   6.47524820e-03]]
[[  1.22000000e+02   6.52801605e-03]]
[[  1.35000000e+02   6.60411332e-03]]
[[  1.13000000e+02   6.76170276e-03]]
[[  1.40000000e+02   6.97521593e-03]]
[[  9.00000000e+01   6.99150942e-03]]
[[  1.27000000e+02   7.01977802e-03]]
[[ 1.         0.0070249]]
[[  2.40000000e+01   7.04545742e-03]]
[[  1.89000000e+02   7.21612575e-03]]
[[  1.14000000e+02   7.22621100e-03]]
[[  1.19000000e+02   9.00999143e-03]]
[[ 2.          0.00901549]]
[[ 0.          0.00902639]]
[[  1.24000000e+02   9.06518726e-03]]
[[  6.80000000e+01   9.19037122e-03]]
[[  1.01000000e+02   9.22220591e-03]]
[[  1.23000000e+02   9.36504410e-03]]
[[  1.29000000e+02   9.37264381e-03]]
[[  1.37000000e+02   9.49095568e-03]]
[[  1.26000000e+02   9.50802691e-03]]
[[  1.56000000e+02   1.20178574e-02]]
[[ 3.         0.0284597]]
[[ 4.         0.0284597]]
[[ 5.         0.0284597]]
[[ 6.         0.0284597]]
[[ 7.         0.0284597]]
[[  1.91000000e+02   2.84596983e-02]]
[[  1.93000000e+02   2.84596983e-02]]
[[  1.96000000e+02   2.84596983e-02]]
[[  1.97000000e+02   2.84596983e-02]]
[[  1.98000000e+02   2.84596983e-02]]
[[  1.99000000e+02   2.84596983e-02]]
[[  1.92000000e+02   2.85667593e-02]]
[[  1.94000000e+02   2.85667593e-02]]
[[  1.95000000e+02   2.85667593e-02]]
